6.000000 6.000000 0.047852
6.000000 5.750000 0.055011
6.000000 5.500000 0.053190
6.000000 5.250000 0.038905
6.000000 5.000000 0.047674
6.000000 4.750000 0.065919
6.000000 4.500000 0.053675
6.000000 4.250000 0.061261
6.000000 4.000000 0.069351
6.000000 3.750000 0.071868
6.000000 3.500000 0.072739
5.750000 5.750000 0.065360
5.750000 5.500000 0.066824
5.750000 5.250000 0.054683
5.750000 5.000000 0.038405
5.750000 4.750000 0.060612
5.750000 4.500000 0.056336
5.750000 4.250000 0.059282
5.750000 4.000000 0.075596
5.750000 3.750000 0.082127
5.750000 3.500000 0.084814
5.500000 5.500000 0.070996
5.500000 5.250000 0.063472
5.500000 5.000000 0.042930
5.500000 4.750000 0.036998
5.500000 4.500000 0.046668
5.500000 4.250000 0.043801
5.500000 4.000000 0.069103
5.500000 3.750000 0.081189
5.500000 3.500000 0.088005
5.250000 5.250000 0.059781
5.250000 5.000000 0.044558
5.250000 4.750000 0.025419
5.250000 4.500000 0.025357
5.250000 4.250000 0.015199
5.250000 4.000000 0.047525
5.250000 3.750000 0.067862
5.250000 3.500000 0.078105
5.000000 5.000000 0.039914
5.000000 4.750000 0.037158
5.000000 4.500000 0.033465
5.000000 4.250000 0.023125
5.000000 4.000000 0.029219
5.000000 3.750000 0.052804
5.000000 3.500000 0.063471
4.750000 4.750000 0.049712
4.750000 4.500000 0.051419
4.750000 4.250000 0.046463
4.750000 4.000000 0.040704
4.750000 3.750000 0.050737
4.750000 3.500000 0.061677
4.500000 4.500000 0.058291
4.500000 4.250000 0.059301
4.500000 4.000000 0.059123
4.500000 3.750000 0.053177
4.500000 3.500000 0.060729
4.250000 4.250000 0.065580
4.250000 4.000000 0.069906
4.250000 3.750000 0.065921
4.250000 3.500000 0.062099
4.000000 4.000000 0.074720
4.000000 3.750000 0.076796
4.000000 3.500000 0.075042
3.750000 3.750000 0.082500
3.750000 3.500000 0.084604
3.500000 3.500000 0.088994
