0.100000 0.002374995
0.200000 0.003614789
0.300000 0.005023215
0.400000 0.006504978
0.500000 0.007990674
0.600000 0.009441623
0.700000 0.010839445
0.800000 0.012174578
0.900000 0.013439485
1.000000 0.014625579
1.100000 0.015721463
1.200000 0.016710969
1.300000 0.017570142
1.400000 0.018262420
1.500000 0.018731411
1.600000 0.018892641
1.700000 0.018630851
1.800000 0.017816493
1.900000 0.016354279
2.000000 0.014256366
2.100000 0.011700068
2.200000 0.009019956
2.300000 0.006622730
2.400000 0.004872397
2.500000 0.004013645
2.600000 0.004160161
2.700000 0.005307435
2.800000 0.007299786
2.900000 0.009740557
3.000000 0.011955639
3.100000 0.013159801
3.200000 0.012817227
3.300000 0.010957880
3.400000 0.008183372
3.500000 0.005337202
3.600000 0.003084209
3.700000 0.001682330
3.800000 0.001032496
3.900000 0.000877873
4.000000 0.000977533
4.100000 0.001178203
4.200000 0.001407336
4.300000 0.001636711
4.400000 0.001848435
4.500000 0.002018552
4.600000 0.002124789
4.700000 0.002175465
4.800000 0.002243257
4.900000 0.002471714
5.000000 0.003012527
5.100000 0.003881614
5.200000 0.004823572
5.300000 0.005364254
5.400000 0.005117472
5.500000 0.004107123
5.600000 0.002763088
5.700000 0.001583937
5.800000 0.000819761
5.900000 0.000437166
6.000000 0.000281652
6.100000 0.000222495
6.200000 0.000194182
6.300000 0.000176249
6.400000 0.000166092
6.500000 0.000163569
6.600000 0.000165388
6.700000 0.000164956
6.800000 0.000155324
6.900000 0.000133175
7.000000 0.000101185
