1 3.5 3.5
2 3.6 3.5
3 3.6 3.6
4 3.7 3.5
5 3.7 3.6
6 3.7 3.7
7 3.8 3.5
8 3.8 3.6
9 3.8 3.7
10 3.8 3.8
11 3.9 3.5
12 3.9 3.6
13 3.9 3.7
14 3.9 3.8
15 3.9 3.9
16 4.0 3.5
17 4.0 3.6
18 4.0 3.7
19 4.0 3.8
20 4.0 3.9
21 4.0 4.0
22 4.1 3.5
23 4.1 3.6
24 4.1 3.7
25 4.1 3.8
26 4.1 3.9
27 4.1 4.0
28 4.1 4.1
29 4.2 3.5
30 4.2 3.6
31 4.2 3.7
32 4.2 3.8
33 4.2 3.9
34 4.2 4.0
35 4.2 4.1
36 4.2 4.2
37 4.3 3.5
38 4.3 3.6
39 4.3 3.7
40 4.3 3.8
41 4.3 3.9
42 4.3 4.0
43 4.3 4.1
44 4.3 4.2
45 4.3 4.3
46 4.4 3.5
47 4.4 3.6
48 4.4 3.7
49 4.4 3.8
50 4.4 3.9
51 4.4 4.0
52 4.4 4.1
53 4.4 4.2
54 4.4 4.3
55 4.4 4.4
56 4.5 3.5
57 4.5 3.6
58 4.5 3.7
59 4.5 3.8
60 4.5 3.9
61 4.5 4.0
62 4.5 4.1
63 4.5 4.2
64 4.5 4.3
65 4.5 4.4
66 4.5 4.5
67 4.6 3.5
68 4.6 3.6
69 4.6 3.7
70 4.6 3.8
71 4.6 3.9
72 4.6 4.0
73 4.6 4.1
74 4.6 4.2
75 4.6 4.3
76 4.6 4.4
77 4.6 4.5
78 4.6 4.6
79 4.7 3.5
80 4.7 3.6
81 4.7 3.7
82 4.7 3.8
83 4.7 3.9
84 4.7 4.0
85 4.7 4.1
86 4.7 4.2
87 4.7 4.3
88 4.7 4.4
89 4.7 4.5
90 4.7 4.6
91 4.7 4.7
92 4.8 3.5
93 4.8 3.6
94 4.8 3.7
95 4.8 3.8
96 4.8 3.9
97 4.8 4.0
98 4.8 4.1
99 4.8 4.2
100 4.8 4.3
101 4.8 4.4
102 4.8 4.5
103 4.8 4.6
104 4.8 4.7
105 4.8 4.8
106 4.9 3.5
107 4.9 3.6
108 4.9 3.7
109 4.9 3.8
110 4.9 3.9
111 4.9 4.0
112 4.9 4.1
113 4.9 4.2
114 4.9 4.3
115 4.9 4.4
116 4.9 4.5
117 4.9 4.6
118 4.9 4.7
119 4.9 4.8
120 4.9 4.9
121 5.0 3.5
122 5.0 3.6
123 5.0 3.7
124 5.0 3.8
125 5.0 3.9
126 5.0 4.0
127 5.0 4.1
128 5.0 4.2
129 5.0 4.3
130 5.0 4.4
131 5.0 4.5
132 5.0 4.6
133 5.0 4.7
134 5.0 4.8
135 5.0 4.9
136 5.0 5.0
137 5.1 3.5
138 5.1 3.6
139 5.1 3.7
140 5.1 3.8
141 5.1 3.9
142 5.1 4.0
143 5.1 4.1
144 5.1 4.2
145 5.1 4.3
146 5.1 4.4
147 5.1 4.5
148 5.1 4.6
149 5.1 4.7
150 5.1 4.8
151 5.1 4.9
152 5.1 5.0
153 5.1 5.1
154 5.2 3.5
155 5.2 3.6
156 5.2 3.7
157 5.2 3.8
158 5.2 3.9
159 5.2 4.0
160 5.2 4.1
161 5.2 4.2
162 5.2 4.3
163 5.2 4.4
164 5.2 4.5
165 5.2 4.6
166 5.2 4.7
167 5.2 4.8
168 5.2 4.9
169 5.2 5.0
170 5.2 5.1
171 5.2 5.2
172 5.3 3.5
173 5.3 3.6
174 5.3 3.7
175 5.3 3.8
176 5.3 3.9
177 5.3 4.0
178 5.3 4.1
179 5.3 4.2
180 5.3 4.3
181 5.3 4.4
182 5.3 4.5
183 5.3 4.6
184 5.3 4.7
185 5.3 4.8
186 5.3 4.9
187 5.3 5.0
188 5.3 5.1
189 5.3 5.2
190 5.3 5.3
191 5.4 3.5
192 5.4 3.6
193 5.4 3.7
194 5.4 3.8
195 5.4 3.9
196 5.4 4.0
197 5.4 4.1
198 5.4 4.2
199 5.4 4.3
200 5.4 4.4
201 5.4 4.5
202 5.4 4.6
203 5.4 4.7
204 5.4 4.8
205 5.4 4.9
206 5.4 5.0
207 5.4 5.1
208 5.4 5.2
209 5.4 5.3
210 5.4 5.4
211 5.5 3.5
212 5.5 3.6
213 5.5 3.7
214 5.5 3.8
215 5.5 3.9
216 5.5 4.0
217 5.5 4.1
218 5.5 4.2
219 5.5 4.3
220 5.5 4.4
221 5.5 4.5
222 5.5 4.6
223 5.5 4.7
224 5.5 4.8
225 5.5 4.9
226 5.5 5.0
227 5.5 5.1
228 5.5 5.2
229 5.5 5.3
230 5.5 5.4
231 5.5 5.5
232 5.6 3.5
233 5.6 3.6
234 5.6 3.7
235 5.6 3.8
236 5.6 3.9
237 5.6 4.0
238 5.6 4.1
239 5.6 4.2
240 5.6 4.3
241 5.6 4.4
242 5.6 4.5
243 5.6 4.6
244 5.6 4.7
245 5.6 4.8
246 5.6 4.9
247 5.6 5.0
248 5.6 5.1
249 5.6 5.2
250 5.6 5.3
251 5.6 5.4
252 5.6 5.5
253 5.6 5.6
254 5.7 3.5
255 5.7 3.6
256 5.7 3.7
257 5.7 3.8
258 5.7 3.9
259 5.7 4.0
260 5.7 4.1
261 5.7 4.2
262 5.7 4.3
263 5.7 4.4
264 5.7 4.5
265 5.7 4.6
266 5.7 4.7
267 5.7 4.8
268 5.7 4.9
269 5.7 5.0
270 5.7 5.1
271 5.7 5.2
272 5.7 5.3
273 5.7 5.4
274 5.7 5.5
275 5.7 5.6
276 5.7 5.7
277 5.8 3.5
278 5.8 3.6
279 5.8 3.7
280 5.8 3.8
281 5.8 3.9
282 5.8 4.0
283 5.8 4.1
284 5.8 4.2
285 5.8 4.3
286 5.8 4.4
287 5.8 4.5
288 5.8 4.6
289 5.8 4.7
290 5.8 4.8
291 5.8 4.9
292 5.8 5.0
293 5.8 5.1
294 5.8 5.2
295 5.8 5.3
296 5.8 5.4
297 5.8 5.5
298 5.8 5.6
299 5.8 5.7
300 5.8 5.8
301 5.9 3.5
302 5.9 3.6
303 5.9 3.7
304 5.9 3.8
305 5.9 3.9
306 5.9 4.0
307 5.9 4.1
308 5.9 4.2
309 5.9 4.3
310 5.9 4.4
311 5.9 4.5
312 5.9 4.6
313 5.9 4.7
314 5.9 4.8
315 5.9 4.9
316 5.9 5.0
317 5.9 5.1
318 5.9 5.2
319 5.9 5.3
320 5.9 5.4
321 5.9 5.5
322 5.9 5.6
323 5.9 5.7
324 5.9 5.8
325 5.9 5.9
326 6.0 3.5
327 6.0 3.6
328 6.0 3.7
329 6.0 3.8
330 6.0 3.9
331 6.0 4.0
332 6.0 4.1
333 6.0 4.2
334 6.0 4.3
335 6.0 4.4
336 6.0 4.5
337 6.0 4.6
338 6.0 4.7
339 6.0 4.8
340 6.0 4.9
341 6.0 5.0
342 6.0 5.1
343 6.0 5.2
344 6.0 5.3
345 6.0 5.4
346 6.0 5.5
347 6.0 5.6
348 6.0 5.7
349 6.0 5.8
350 6.0 5.9
351 6.0 6.0
