1 -0.2 -0.5
2 -0.2 -0.45
3 -0.2 -0.4
4 -0.2 -0.35
5 -0.2 -0.3
6 -0.2 -0.25
7 -0.2 -0.19999999999999996
8 -0.2 -0.14999999999999997
9 -0.2 -0.09999999999999998
10 -0.2 -0.04999999999999999
11 -0.2 0.0
12 -0.2 0.050000000000000044
13 -0.2 0.10000000000000009
14 -0.2 0.15000000000000002
15 -0.2 0.20000000000000007
16 -0.2 0.25
17 -0.2 0.30000000000000004
18 -0.2 0.3500000000000001
19 -0.2 0.4
20 -0.2 0.45000000000000007
21 -0.2 0.5
22 -0.18000000000000002 -0.5
23 -0.18000000000000002 -0.45
24 -0.18000000000000002 -0.4
25 -0.18000000000000002 -0.35
26 -0.18000000000000002 -0.3
27 -0.18000000000000002 -0.25
28 -0.18000000000000002 -0.19999999999999996
29 -0.18000000000000002 -0.14999999999999997
30 -0.18000000000000002 -0.09999999999999998
31 -0.18000000000000002 -0.04999999999999999
32 -0.18000000000000002 0.0
33 -0.18000000000000002 0.050000000000000044
34 -0.18000000000000002 0.10000000000000009
35 -0.18000000000000002 0.15000000000000002
36 -0.18000000000000002 0.20000000000000007
37 -0.18000000000000002 0.25
38 -0.18000000000000002 0.30000000000000004
39 -0.18000000000000002 0.3500000000000001
40 -0.18000000000000002 0.4
41 -0.18000000000000002 0.45000000000000007
42 -0.18000000000000002 0.5
43 -0.16 -0.5
44 -0.16 -0.45
45 -0.16 -0.4
46 -0.16 -0.35
47 -0.16 -0.3
48 -0.16 -0.25
49 -0.16 -0.19999999999999996
50 -0.16 -0.14999999999999997
51 -0.16 -0.09999999999999998
52 -0.16 -0.04999999999999999
53 -0.16 0.0
54 -0.16 0.050000000000000044
55 -0.16 0.10000000000000009
56 -0.16 0.15000000000000002
57 -0.16 0.20000000000000007
58 -0.16 0.25
59 -0.16 0.30000000000000004
60 -0.16 0.3500000000000001
61 -0.16 0.4
62 -0.16 0.45000000000000007
63 -0.16 0.5
64 -0.14 -0.5
65 -0.14 -0.45
66 -0.14 -0.4
67 -0.14 -0.35
68 -0.14 -0.3
69 -0.14 -0.25
70 -0.14 -0.19999999999999996
71 -0.14 -0.14999999999999997
72 -0.14 -0.09999999999999998
73 -0.14 -0.04999999999999999
74 -0.14 0.0
75 -0.14 0.050000000000000044
76 -0.14 0.10000000000000009
77 -0.14 0.15000000000000002
78 -0.14 0.20000000000000007
79 -0.14 0.25
80 -0.14 0.30000000000000004
81 -0.14 0.3500000000000001
82 -0.14 0.4
83 -0.14 0.45000000000000007
84 -0.14 0.5
85 -0.12000000000000001 -0.5
86 -0.12000000000000001 -0.45
87 -0.12000000000000001 -0.4
88 -0.12000000000000001 -0.35
89 -0.12000000000000001 -0.3
90 -0.12000000000000001 -0.25
91 -0.12000000000000001 -0.19999999999999996
92 -0.12000000000000001 -0.14999999999999997
93 -0.12000000000000001 -0.09999999999999998
94 -0.12000000000000001 -0.04999999999999999
95 -0.12000000000000001 0.0
96 -0.12000000000000001 0.050000000000000044
97 -0.12000000000000001 0.10000000000000009
98 -0.12000000000000001 0.15000000000000002
99 -0.12000000000000001 0.20000000000000007
100 -0.12000000000000001 0.25
101 -0.12000000000000001 0.30000000000000004
102 -0.12000000000000001 0.3500000000000001
103 -0.12000000000000001 0.4
104 -0.12000000000000001 0.45000000000000007
105 -0.12000000000000001 0.5
106 -0.1 -0.5
107 -0.1 -0.45
108 -0.1 -0.4
109 -0.1 -0.35
110 -0.1 -0.3
111 -0.1 -0.25
112 -0.1 -0.19999999999999996
113 -0.1 -0.14999999999999997
114 -0.1 -0.09999999999999998
115 -0.1 -0.04999999999999999
116 -0.1 0.0
117 -0.1 0.050000000000000044
118 -0.1 0.10000000000000009
119 -0.1 0.15000000000000002
120 -0.1 0.20000000000000007
121 -0.1 0.25
122 -0.1 0.30000000000000004
123 -0.1 0.3500000000000001
124 -0.1 0.4
125 -0.1 0.45000000000000007
126 -0.1 0.5
127 -0.08000000000000002 -0.5
128 -0.08000000000000002 -0.45
129 -0.08000000000000002 -0.4
130 -0.08000000000000002 -0.35
131 -0.08000000000000002 -0.3
132 -0.08000000000000002 -0.25
133 -0.08000000000000002 -0.19999999999999996
134 -0.08000000000000002 -0.14999999999999997
135 -0.08000000000000002 -0.09999999999999998
136 -0.08000000000000002 -0.04999999999999999
137 -0.08000000000000002 0.0
138 -0.08000000000000002 0.050000000000000044
139 -0.08000000000000002 0.10000000000000009
140 -0.08000000000000002 0.15000000000000002
141 -0.08000000000000002 0.20000000000000007
142 -0.08000000000000002 0.25
143 -0.08000000000000002 0.30000000000000004
144 -0.08000000000000002 0.3500000000000001
145 -0.08000000000000002 0.4
146 -0.08000000000000002 0.45000000000000007
147 -0.08000000000000002 0.5
148 -0.06 -0.5
149 -0.06 -0.45
150 -0.06 -0.4
151 -0.06 -0.35
152 -0.06 -0.3
153 -0.06 -0.25
154 -0.06 -0.19999999999999996
155 -0.06 -0.14999999999999997
156 -0.06 -0.09999999999999998
157 -0.06 -0.04999999999999999
158 -0.06 0.0
159 -0.06 0.050000000000000044
160 -0.06 0.10000000000000009
161 -0.06 0.15000000000000002
162 -0.06 0.20000000000000007
163 -0.06 0.25
164 -0.06 0.30000000000000004
165 -0.06 0.3500000000000001
166 -0.06 0.4
167 -0.06 0.45000000000000007
168 -0.06 0.5
169 -0.04000000000000001 -0.5
170 -0.04000000000000001 -0.45
171 -0.04000000000000001 -0.4
172 -0.04000000000000001 -0.35
173 -0.04000000000000001 -0.3
174 -0.04000000000000001 -0.25
175 -0.04000000000000001 -0.19999999999999996
176 -0.04000000000000001 -0.14999999999999997
177 -0.04000000000000001 -0.09999999999999998
178 -0.04000000000000001 -0.04999999999999999
179 -0.04000000000000001 0.0
180 -0.04000000000000001 0.050000000000000044
181 -0.04000000000000001 0.10000000000000009
182 -0.04000000000000001 0.15000000000000002
183 -0.04000000000000001 0.20000000000000007
184 -0.04000000000000001 0.25
185 -0.04000000000000001 0.30000000000000004
186 -0.04000000000000001 0.3500000000000001
187 -0.04000000000000001 0.4
188 -0.04000000000000001 0.45000000000000007
189 -0.04000000000000001 0.5
190 -0.020000000000000018 -0.5
191 -0.020000000000000018 -0.45
192 -0.020000000000000018 -0.4
193 -0.020000000000000018 -0.35
194 -0.020000000000000018 -0.3
195 -0.020000000000000018 -0.25
196 -0.020000000000000018 -0.19999999999999996
197 -0.020000000000000018 -0.14999999999999997
198 -0.020000000000000018 -0.09999999999999998
199 -0.020000000000000018 -0.04999999999999999
200 -0.020000000000000018 0.0
201 -0.020000000000000018 0.050000000000000044
202 -0.020000000000000018 0.10000000000000009
203 -0.020000000000000018 0.15000000000000002
204 -0.020000000000000018 0.20000000000000007
205 -0.020000000000000018 0.25
206 -0.020000000000000018 0.30000000000000004
207 -0.020000000000000018 0.3500000000000001
208 -0.020000000000000018 0.4
209 -0.020000000000000018 0.45000000000000007
210 -0.020000000000000018 0.5
211 0.0 -0.5
212 0.0 -0.45
213 0.0 -0.4
214 0.0 -0.35
215 0.0 -0.3
216 0.0 -0.25
217 0.0 -0.19999999999999996
218 0.0 -0.14999999999999997
219 0.0 -0.09999999999999998
220 0.0 -0.04999999999999999
221 0.0 0.0
222 0.0 0.050000000000000044
223 0.0 0.10000000000000009
224 0.0 0.15000000000000002
225 0.0 0.20000000000000007
226 0.0 0.25
227 0.0 0.30000000000000004
228 0.0 0.3500000000000001
229 0.0 0.4
230 0.0 0.45000000000000007
231 0.0 0.5
232 0.01999999999999999 -0.5
233 0.01999999999999999 -0.45
234 0.01999999999999999 -0.4
235 0.01999999999999999 -0.35
236 0.01999999999999999 -0.3
237 0.01999999999999999 -0.25
238 0.01999999999999999 -0.19999999999999996
239 0.01999999999999999 -0.14999999999999997
240 0.01999999999999999 -0.09999999999999998
241 0.01999999999999999 -0.04999999999999999
242 0.01999999999999999 0.0
243 0.01999999999999999 0.050000000000000044
244 0.01999999999999999 0.10000000000000009
245 0.01999999999999999 0.15000000000000002
246 0.01999999999999999 0.20000000000000007
247 0.01999999999999999 0.25
248 0.01999999999999999 0.30000000000000004
249 0.01999999999999999 0.3500000000000001
250 0.01999999999999999 0.4
251 0.01999999999999999 0.45000000000000007
252 0.01999999999999999 0.5
253 0.03999999999999998 -0.5
254 0.03999999999999998 -0.45
255 0.03999999999999998 -0.4
256 0.03999999999999998 -0.35
257 0.03999999999999998 -0.3
258 0.03999999999999998 -0.25
259 0.03999999999999998 -0.19999999999999996
260 0.03999999999999998 -0.14999999999999997
261 0.03999999999999998 -0.09999999999999998
262 0.03999999999999998 -0.04999999999999999
263 0.03999999999999998 0.0
264 0.03999999999999998 0.050000000000000044
265 0.03999999999999998 0.10000000000000009
266 0.03999999999999998 0.15000000000000002
267 0.03999999999999998 0.20000000000000007
268 0.03999999999999998 0.25
269 0.03999999999999998 0.30000000000000004
270 0.03999999999999998 0.3500000000000001
271 0.03999999999999998 0.4
272 0.03999999999999998 0.45000000000000007
273 0.03999999999999998 0.5
274 0.06 -0.5
275 0.06 -0.45
276 0.06 -0.4
277 0.06 -0.35
278 0.06 -0.3
279 0.06 -0.25
280 0.06 -0.19999999999999996
281 0.06 -0.14999999999999997
282 0.06 -0.09999999999999998
283 0.06 -0.04999999999999999
284 0.06 0.0
285 0.06 0.050000000000000044
286 0.06 0.10000000000000009
287 0.06 0.15000000000000002
288 0.06 0.20000000000000007
289 0.06 0.25
290 0.06 0.30000000000000004
291 0.06 0.3500000000000001
292 0.06 0.4
293 0.06 0.45000000000000007
294 0.06 0.5
295 0.08000000000000002 -0.5
296 0.08000000000000002 -0.45
297 0.08000000000000002 -0.4
298 0.08000000000000002 -0.35
299 0.08000000000000002 -0.3
300 0.08000000000000002 -0.25
301 0.08000000000000002 -0.19999999999999996
302 0.08000000000000002 -0.14999999999999997
303 0.08000000000000002 -0.09999999999999998
304 0.08000000000000002 -0.04999999999999999
305 0.08000000000000002 0.0
306 0.08000000000000002 0.050000000000000044
307 0.08000000000000002 0.10000000000000009
308 0.08000000000000002 0.15000000000000002
309 0.08000000000000002 0.20000000000000007
310 0.08000000000000002 0.25
311 0.08000000000000002 0.30000000000000004
312 0.08000000000000002 0.3500000000000001
313 0.08000000000000002 0.4
314 0.08000000000000002 0.45000000000000007
315 0.08000000000000002 0.5
316 0.09999999999999998 -0.5
317 0.09999999999999998 -0.45
318 0.09999999999999998 -0.4
319 0.09999999999999998 -0.35
320 0.09999999999999998 -0.3
321 0.09999999999999998 -0.25
322 0.09999999999999998 -0.19999999999999996
323 0.09999999999999998 -0.14999999999999997
324 0.09999999999999998 -0.09999999999999998
325 0.09999999999999998 -0.04999999999999999
326 0.09999999999999998 0.0
327 0.09999999999999998 0.050000000000000044
328 0.09999999999999998 0.10000000000000009
329 0.09999999999999998 0.15000000000000002
330 0.09999999999999998 0.20000000000000007
331 0.09999999999999998 0.25
332 0.09999999999999998 0.30000000000000004
333 0.09999999999999998 0.3500000000000001
334 0.09999999999999998 0.4
335 0.09999999999999998 0.45000000000000007
336 0.09999999999999998 0.5
337 0.12 -0.5
338 0.12 -0.45
339 0.12 -0.4
340 0.12 -0.35
341 0.12 -0.3
342 0.12 -0.25
343 0.12 -0.19999999999999996
344 0.12 -0.14999999999999997
345 0.12 -0.09999999999999998
346 0.12 -0.04999999999999999
347 0.12 0.0
348 0.12 0.050000000000000044
349 0.12 0.10000000000000009
350 0.12 0.15000000000000002
351 0.12 0.20000000000000007
352 0.12 0.25
353 0.12 0.30000000000000004
354 0.12 0.3500000000000001
355 0.12 0.4
356 0.12 0.45000000000000007
357 0.12 0.5
358 0.14 -0.5
359 0.14 -0.45
360 0.14 -0.4
361 0.14 -0.35
362 0.14 -0.3
363 0.14 -0.25
364 0.14 -0.19999999999999996
365 0.14 -0.14999999999999997
366 0.14 -0.09999999999999998
367 0.14 -0.04999999999999999
368 0.14 0.0
369 0.14 0.050000000000000044
370 0.14 0.10000000000000009
371 0.14 0.15000000000000002
372 0.14 0.20000000000000007
373 0.14 0.25
374 0.14 0.30000000000000004
375 0.14 0.3500000000000001
376 0.14 0.4
377 0.14 0.45000000000000007
378 0.14 0.5
379 0.15999999999999998 -0.5
380 0.15999999999999998 -0.45
381 0.15999999999999998 -0.4
382 0.15999999999999998 -0.35
383 0.15999999999999998 -0.3
384 0.15999999999999998 -0.25
385 0.15999999999999998 -0.19999999999999996
386 0.15999999999999998 -0.14999999999999997
387 0.15999999999999998 -0.09999999999999998
388 0.15999999999999998 -0.04999999999999999
389 0.15999999999999998 0.0
390 0.15999999999999998 0.050000000000000044
391 0.15999999999999998 0.10000000000000009
392 0.15999999999999998 0.15000000000000002
393 0.15999999999999998 0.20000000000000007
394 0.15999999999999998 0.25
395 0.15999999999999998 0.30000000000000004
396 0.15999999999999998 0.3500000000000001
397 0.15999999999999998 0.4
398 0.15999999999999998 0.45000000000000007
399 0.15999999999999998 0.5
400 0.18 -0.5
401 0.18 -0.45
402 0.18 -0.4
403 0.18 -0.35
404 0.18 -0.3
405 0.18 -0.25
406 0.18 -0.19999999999999996
407 0.18 -0.14999999999999997
408 0.18 -0.09999999999999998
409 0.18 -0.04999999999999999
410 0.18 0.0
411 0.18 0.050000000000000044
412 0.18 0.10000000000000009
413 0.18 0.15000000000000002
414 0.18 0.20000000000000007
415 0.18 0.25
416 0.18 0.30000000000000004
417 0.18 0.3500000000000001
418 0.18 0.4
419 0.18 0.45000000000000007
420 0.18 0.5
421 0.2 -0.5
422 0.2 -0.45
423 0.2 -0.4
424 0.2 -0.35
425 0.2 -0.3
426 0.2 -0.25
427 0.2 -0.19999999999999996
428 0.2 -0.14999999999999997
429 0.2 -0.09999999999999998
430 0.2 -0.04999999999999999
431 0.2 0.0
432 0.2 0.050000000000000044
433 0.2 0.10000000000000009
434 0.2 0.15000000000000002
435 0.2 0.20000000000000007
436 0.2 0.25
437 0.2 0.30000000000000004
438 0.2 0.3500000000000001
439 0.2 0.4
440 0.2 0.45000000000000007
441 0.2 0.5
