-0.200000 -0.500000 0.590700
-0.200000 -0.450000 0.594000
-0.200000 -0.400000 0.594400
-0.200000 -0.350000 0.587900
-0.200000 -0.300000 0.572500
-0.200000 -0.250000 0.550900
-0.200000 -0.200000 0.531500
-0.200000 -0.150000 0.519100
-0.200000 -0.100000 0.512700
-0.200000 -0.050000 0.509600
-0.200000 0.000000 0.508500
-0.200000 0.050000 0.509700
-0.200000 0.100000 0.512800
-0.200000 0.150000 0.519300
-0.200000 0.200000 0.531800
-0.200000 0.250000 0.550900
-0.200000 0.300000 0.572500
-0.200000 0.350000 0.587900
-0.200000 0.400000 0.594400
-0.200000 0.450000 0.594000
-0.200000 0.500000 0.590700
-0.180000 -0.500000 0.586800
-0.180000 -0.450000 0.588700
-0.180000 -0.400000 0.587000
-0.180000 -0.350000 0.577900
-0.180000 -0.300000 0.558700
-0.180000 -0.250000 0.533000
-0.180000 -0.200000 0.511800
-0.180000 -0.150000 0.498700
-0.180000 -0.100000 0.492400
-0.180000 -0.050000 0.489200
-0.180000 0.000000 0.488500
-0.180000 0.050000 0.489300
-0.180000 0.100000 0.492500
-0.180000 0.150000 0.498900
-0.180000 0.200000 0.512200
-0.180000 0.250000 0.533000
-0.180000 0.300000 0.558700
-0.180000 0.350000 0.577900
-0.180000 0.400000 0.587000
-0.180000 0.450000 0.588700
-0.180000 0.500000 0.586800
-0.160000 -0.500000 0.585300
-0.160000 -0.450000 0.585600
-0.160000 -0.400000 0.581700
-0.160000 -0.350000 0.569600
-0.160000 -0.300000 0.545200
-0.160000 -0.250000 0.513200
-0.160000 -0.200000 0.487200
-0.160000 -0.150000 0.472600
-0.160000 -0.100000 0.465400
-0.160000 -0.050000 0.462600
-0.160000 0.000000 0.462000
-0.160000 0.050000 0.462600
-0.160000 0.100000 0.465500
-0.160000 0.150000 0.472800
-0.160000 0.200000 0.487600
-0.160000 0.250000 0.513200
-0.160000 0.300000 0.545200
-0.160000 0.350000 0.569600
-0.160000 0.400000 0.581700
-0.160000 0.450000 0.585600
-0.160000 0.500000 0.585300
-0.140000 -0.500000 0.585000
-0.140000 -0.450000 0.583800
-0.140000 -0.400000 0.577200
-0.140000 -0.350000 0.561600
-0.140000 -0.300000 0.530600
-0.140000 -0.250000 0.488800
-0.140000 -0.200000 0.455500
-0.140000 -0.150000 0.436500
-0.140000 -0.100000 0.428700
-0.140000 -0.050000 0.426500
-0.140000 0.000000 0.426300
-0.140000 0.050000 0.426500
-0.140000 0.100000 0.428700
-0.140000 0.150000 0.436800
-0.140000 0.200000 0.456000
-0.140000 0.250000 0.488800
-0.140000 0.300000 0.530600
-0.140000 0.350000 0.561600
-0.140000 0.400000 0.577200
-0.140000 0.450000 0.583800
-0.140000 0.500000 0.585000
-0.120000 -0.500000 0.583800
-0.120000 -0.450000 0.581700
-0.120000 -0.400000 0.572000
-0.120000 -0.350000 0.552000
-0.120000 -0.300000 0.512400
-0.120000 -0.250000 0.457600
-0.120000 -0.200000 0.412900
-0.120000 -0.150000 0.387800
-0.120000 -0.100000 0.378200
-0.120000 -0.050000 0.378700
-0.120000 0.000000 0.379200
-0.120000 0.050000 0.378700
-0.120000 0.100000 0.378200
-0.120000 0.150000 0.388100
-0.120000 0.200000 0.413600
-0.120000 0.250000 0.457600
-0.120000 0.300000 0.512400
-0.120000 0.350000 0.552000
-0.120000 0.400000 0.572000
-0.120000 0.450000 0.581700
-0.120000 0.500000 0.583800
-0.100000 -0.500000 0.580400
-0.100000 -0.450000 0.578100
-0.100000 -0.400000 0.564600
-0.100000 -0.350000 0.538200
-0.100000 -0.300000 0.485400
-0.100000 -0.250000 0.414500
-0.100000 -0.200000 0.357500
-0.100000 -0.150000 0.325400
-0.100000 -0.100000 0.318000
-0.100000 -0.050000 0.318600
-0.100000 0.000000 0.319700
-0.100000 0.050000 0.318600
-0.100000 0.100000 0.318000
-0.100000 0.150000 0.325800
-0.100000 0.200000 0.358500
-0.100000 0.250000 0.414500
-0.100000 0.300000 0.485400
-0.100000 0.350000 0.538200
-0.100000 0.400000 0.564600
-0.100000 0.450000 0.578100
-0.100000 0.500000 0.580400
-0.080000 -0.500000 0.566700
-0.080000 -0.450000 0.564600
-0.080000 -0.400000 0.549800
-0.080000 -0.350000 0.515300
-0.080000 -0.300000 0.446500
-0.080000 -0.250000 0.362500
-0.080000 -0.200000 0.294800
-0.080000 -0.150000 0.259600
-0.080000 -0.100000 0.255800
-0.080000 -0.050000 0.260400
-0.080000 0.000000 0.262900
-0.080000 0.050000 0.260300
-0.080000 0.100000 0.255700
-0.080000 0.150000 0.259900
-0.080000 0.200000 0.296900
-0.080000 0.250000 0.362500
-0.080000 0.300000 0.446500
-0.080000 0.350000 0.515300
-0.080000 0.400000 0.549800
-0.080000 0.450000 0.564600
-0.080000 0.500000 0.566700
-0.060000 -0.500000 0.562500
-0.060000 -0.450000 0.558200
-0.060000 -0.400000 0.539900
-0.060000 -0.350000 0.498900
-0.060000 -0.300000 0.418600
-0.060000 -0.250000 0.317200
-0.060000 -0.200000 0.239200
-0.060000 -0.150000 0.203100
-0.060000 -0.100000 0.209900
-0.060000 -0.050000 0.223300
-0.060000 0.000000 0.227600
-0.060000 0.050000 0.223100
-0.060000 0.100000 0.209700
-0.060000 0.150000 0.203300
-0.060000 0.200000 0.240500
-0.060000 0.250000 0.317200
-0.060000 0.300000 0.418600
-0.060000 0.350000 0.498900
-0.060000 0.400000 0.539900
-0.060000 0.450000 0.558200
-0.060000 0.500000 0.562500
-0.040000 -0.500000 0.574000
-0.040000 -0.450000 0.569800
-0.040000 -0.400000 0.550700
-0.040000 -0.350000 0.504400
-0.040000 -0.300000 0.418600
-0.040000 -0.250000 0.302500
-0.040000 -0.200000 0.208400
-0.040000 -0.150000 0.169700
-0.040000 -0.100000 0.176800
-0.040000 -0.050000 0.188500
-0.040000 0.000000 0.192200
-0.040000 0.050000 0.188300
-0.040000 0.100000 0.176500
-0.040000 0.150000 0.169900
-0.040000 0.200000 0.209100
-0.040000 0.250000 0.302500
-0.040000 0.300000 0.418600
-0.040000 0.350000 0.504400
-0.040000 0.400000 0.550700
-0.040000 0.450000 0.569800
-0.040000 0.500000 0.574000
-0.020000 -0.500000 0.602500
-0.020000 -0.450000 0.600100
-0.020000 -0.400000 0.581100
-0.020000 -0.350000 0.534200
-0.020000 -0.300000 0.447800
-0.020000 -0.250000 0.321500
-0.020000 -0.200000 0.216700
-0.020000 -0.150000 0.166400
-0.020000 -0.100000 0.158000
-0.020000 -0.050000 0.160500
-0.020000 0.000000 0.161900
-0.020000 0.050000 0.160400
-0.020000 0.100000 0.158000
-0.020000 0.150000 0.166800
-0.020000 0.200000 0.218300
-0.020000 0.250000 0.321500
-0.020000 0.300000 0.447800
-0.020000 0.350000 0.534200
-0.020000 0.400000 0.581100
-0.020000 0.450000 0.600100
-0.020000 0.500000 0.602500
0.000000 -0.500000 0.640800
0.000000 -0.450000 0.640800
0.000000 -0.400000 0.624900
0.000000 -0.350000 0.580500
0.000000 -0.300000 0.497700
0.000000 -0.250000 0.378200
0.000000 -0.200000 0.276600
0.000000 -0.150000 0.216600
0.000000 -0.100000 0.195400
0.000000 -0.050000 0.190500
0.000000 0.000000 0.189500
0.000000 0.050000 0.190500
0.000000 0.100000 0.195700
0.000000 0.150000 0.217400
0.000000 0.200000 0.278200
0.000000 0.250000 0.378200
0.000000 0.300000 0.497700
0.000000 0.350000 0.580500
0.000000 0.400000 0.624900
0.000000 0.450000 0.640800
0.000000 0.500000 0.640800
0.020000 -0.500000 0.686900
0.020000 -0.450000 0.690900
0.020000 -0.400000 0.679100
0.020000 -0.350000 0.641000
0.020000 -0.300000 0.568400
0.020000 -0.250000 0.470700
0.020000 -0.200000 0.393800
0.020000 -0.150000 0.334200
0.020000 -0.100000 0.304900
0.020000 -0.050000 0.294200
0.020000 0.000000 0.292800
0.020000 0.050000 0.294300
0.020000 0.100000 0.305400
0.020000 0.150000 0.335100
0.020000 0.200000 0.395200
0.020000 0.250000 0.470700
0.020000 0.300000 0.568400
0.020000 0.350000 0.641000
0.020000 0.400000 0.679100
0.020000 0.450000 0.690900
0.020000 0.500000 0.686900
0.040000 -0.500000 0.744900
0.040000 -0.450000 0.751800
0.040000 -0.400000 0.745600
0.040000 -0.350000 0.719200
0.040000 -0.300000 0.669400
0.040000 -0.250000 0.605700
0.040000 -0.200000 0.536700
0.040000 -0.150000 0.476100
0.040000 -0.100000 0.443000
0.040000 -0.050000 0.428800
0.040000 0.000000 0.425700
0.040000 0.050000 0.428900
0.040000 0.100000 0.443500
0.040000 0.150000 0.477100
0.040000 0.200000 0.538000
0.040000 0.250000 0.605700
0.040000 0.300000 0.669400
0.040000 0.350000 0.719200
0.040000 0.400000 0.745600
0.040000 0.450000 0.751800
0.040000 0.500000 0.744900
0.060000 -0.500000 0.800900
0.060000 -0.450000 0.804100
0.060000 -0.400000 0.802000
0.060000 -0.350000 0.794200
0.060000 -0.300000 0.781300
0.060000 -0.250000 0.751100
0.060000 -0.200000 0.687800
0.060000 -0.150000 0.636400
0.060000 -0.100000 0.603600
0.060000 -0.050000 0.587800
0.060000 0.000000 0.583700
0.060000 0.050000 0.587900
0.060000 0.100000 0.604100
0.060000 0.150000 0.637300
0.060000 0.200000 0.688900
0.060000 0.250000 0.751100
0.060000 0.300000 0.781300
0.060000 0.350000 0.794200
0.060000 0.400000 0.802000
0.060000 0.450000 0.804100
0.060000 0.500000 0.800900
0.080000 -0.500000 0.813300
0.080000 -0.450000 0.809900
0.080000 -0.400000 0.809900
0.080000 -0.350000 0.816100
0.080000 -0.300000 0.834900
0.080000 -0.250000 0.858100
0.080000 -0.200000 0.862100
0.080000 -0.150000 0.817900
0.080000 -0.100000 0.784100
0.080000 -0.050000 0.765400
0.080000 0.000000 0.760400
0.080000 0.050000 0.765700
0.080000 0.100000 0.784600
0.080000 0.150000 0.818700
0.080000 0.200000 0.863200
0.080000 0.250000 0.858100
0.080000 0.300000 0.834900
0.080000 0.350000 0.816100
0.080000 0.400000 0.809900
0.080000 0.450000 0.809900
0.080000 0.500000 0.813300
0.100000 -0.500000 0.780100
0.100000 -0.450000 0.777000
0.100000 -0.400000 0.777100
0.100000 -0.350000 0.785600
0.100000 -0.300000 0.807000
0.100000 -0.250000 0.843400
0.100000 -0.200000 0.887300
0.100000 -0.150000 0.897200
0.100000 -0.100000 0.934500
0.100000 -0.050000 0.932800
0.100000 0.000000 0.940700
0.100000 0.050000 0.932800
0.100000 0.100000 0.934600
0.100000 0.150000 0.897600
0.100000 0.200000 0.886500
0.100000 0.250000 0.843400
0.100000 0.300000 0.807000
0.100000 0.350000 0.785600
0.100000 0.400000 0.777100
0.100000 0.450000 0.777000
0.100000 0.500000 0.780100
0.120000 -0.500000 0.745500
0.120000 -0.450000 0.746300
0.120000 -0.400000 0.750400
0.120000 -0.350000 0.759900
0.120000 -0.300000 0.777700
0.120000 -0.250000 0.807300
0.120000 -0.200000 0.842300
0.120000 -0.150000 0.869900
0.120000 -0.100000 0.867400
0.120000 -0.050000 0.857400
0.120000 0.000000 0.852800
0.120000 0.050000 1.009100
0.120000 0.100000 0.867600
0.120000 0.150000 0.869600
0.120000 0.200000 0.841600
0.120000 0.250000 0.807300
0.120000 0.300000 0.777700
0.120000 0.350000 0.759900
0.120000 0.400000 0.750400
0.120000 0.450000 0.746300
0.120000 0.500000 0.745500
0.140000 -0.500000 0.724600
0.140000 -0.450000 0.728300
0.140000 -0.400000 0.735800
0.140000 -0.350000 0.747100
0.140000 -0.300000 0.762300
0.140000 -0.250000 0.786500
0.140000 -0.200000 0.819000
0.140000 -0.150000 0.847400
0.140000 -0.100000 0.858700
0.140000 -0.050000 0.852600
0.140000 0.000000 0.849400
0.140000 0.050000 0.852800
0.140000 0.100000 0.858800
0.140000 0.150000 0.847000
0.140000 0.200000 0.818300
0.140000 0.250000 0.786500
0.140000 0.300000 0.762300
0.140000 0.350000 0.747100
0.140000 0.400000 0.735800
0.140000 0.450000 0.728300
0.140000 0.500000 0.724600
0.160000 -0.500000 0.712300
0.160000 -0.450000 0.717600
0.160000 -0.400000 0.727800
0.160000 -0.350000 0.740500
0.160000 -0.300000 0.754500
0.160000 -0.250000 0.775200
0.160000 -0.200000 0.805100
0.160000 -0.150000 0.831600
0.160000 -0.100000 0.845500
0.160000 -0.050000 0.843800
0.160000 0.000000 0.840800
0.160000 0.050000 0.843900
0.160000 0.100000 0.845400
0.160000 0.150000 0.831200
0.160000 0.200000 0.804500
0.160000 0.250000 0.775200
0.160000 0.300000 0.754500
0.160000 0.350000 0.740500
0.160000 0.400000 0.727800
0.160000 0.450000 0.717600
0.160000 0.500000 0.712300
0.180000 -0.500000 0.705500
0.180000 -0.450000 0.712200
0.180000 -0.400000 0.723700
0.180000 -0.350000 0.737600
0.180000 -0.300000 0.751500
0.180000 -0.250000 0.770500
0.180000 -0.200000 0.797300
0.180000 -0.150000 0.777900
0.180000 -0.100000 0.784200
0.180000 -0.050000 0.784300
0.180000 0.000000 0.783400
0.180000 0.050000 0.784400
0.180000 0.100000 0.784200
0.180000 0.150000 0.777700
0.180000 0.200000 0.796800
0.180000 0.250000 0.770500
0.180000 0.300000 0.751500
0.180000 0.350000 0.737600
0.180000 0.400000 0.723700
0.180000 0.450000 0.712200
0.180000 0.500000 0.705500
0.200000 -0.500000 0.704300
0.200000 -0.450000 0.711800
0.200000 -0.400000 0.724200
0.200000 -0.350000 0.738800
0.200000 -0.300000 0.752800
0.200000 -0.250000 0.714700
0.200000 -0.200000 0.731800
0.200000 -0.150000 0.746100
0.200000 -0.100000 0.751600
0.200000 -0.050000 0.750900
0.200000 0.000000 0.749800
0.200000 0.050000 0.751000
0.200000 0.100000 0.751600
0.200000 0.150000 0.745900
0.200000 0.200000 0.731500
0.200000 0.250000 0.714700
0.200000 0.300000 0.752800
0.200000 0.350000 0.738800
0.200000 0.400000 0.724200
0.200000 0.450000 0.711800
0.200000 0.500000 0.704300
