3.00000e-01 8.20372e-03 2.54229e-06 2.54229e-06 9.88860e-15 9.88860e-15 6.88084e-33 6.88084e-33 4.60049e-54 4.60049e-54 4.51983e-87 4.51983e-87 3.53221e-125 3.53221e-125 2.28323e-173 2.28323e-173
4.00000e-01 1.14751e-02 1.04244e-05 1.04244e-05 2.49203e-13 2.49203e-13 1.26542e-30 1.26542e-30 4.98289e-51 4.98289e-51 3.60151e-83 3.60151e-83 2.07188e-120 2.07188e-120 9.85900e-168 9.85900e-168
5.00000e-01 1.46340e-02 3.58730e-05 3.58730e-05 5.04417e-12 5.04417e-12 1.86515e-28 1.86515e-28 4.32416e-48 4.32416e-48 2.29890e-79 2.29890e-79 9.73541e-116 9.73541e-116 3.41025e-162 3.41025e-162
6.00000e-01 1.74036e-02 1.04606e-04 1.04606e-04 8.20593e-11 8.20593e-11 2.20358e-26 2.20358e-26 3.00666e-45 3.00666e-45 1.17553e-75 1.17553e-75 3.66450e-111 3.66450e-111 9.44952e-157 9.44952e-157
7.00000e-01 1.96261e-02 2.61079e-04 2.61079e-04 1.07379e-09 1.07379e-09 2.08711e-24 2.08711e-24 1.67514e-42 1.67514e-42 4.81525e-72 4.81525e-72 1.10496e-106 1.10496e-106 2.09751e-151 2.09751e-151
8.00000e-01 2.11810e-02 5.62998e-04 5.62998e-04 1.13137e-08 1.13137e-08 1.58509e-22 1.58509e-22 7.47877e-40 7.47877e-40 1.58009e-68 1.58009e-68 2.66901e-102 2.66901e-102 3.72967e-146 3.72967e-146
9.00000e-01 2.19506e-02 1.05701e-03 1.05701e-03 9.61019e-08 9.61019e-08 9.65510e-21 9.65510e-21 2.67582e-37 2.67582e-37 4.15360e-65 4.15360e-65 5.16449e-98 5.16449e-98 5.31259e-141 5.31259e-141
1.00000e+00 2.18837e-02 1.73666e-03 1.73666e-03 6.59148e-07 6.59148e-07 4.71837e-19 4.71837e-19 7.67314e-35 7.67314e-35 8.74678e-62 8.74678e-62 8.00527e-94 8.00527e-94 6.06197e-136 6.06197e-136
1.10000e+00 2.11118e-02 2.50352e-03 2.50352e-03 3.65776e-06 3.65776e-06 1.85068e-17 1.85068e-17 1.76374e-32 1.76374e-32 1.47555e-58 1.47555e-58 9.94026e-90 9.94026e-90 5.54106e-131 5.54106e-131
1.20000e+00 2.00197e-02 3.17036e-03 3.17036e-03 1.64630e-05 1.64630e-05 5.82895e-16 5.82895e-16 3.25019e-30 3.25019e-30 1.99411e-55 1.99411e-55 9.88767e-86 9.88767e-86 4.05736e-126 4.05736e-126
1.30000e+00 1.91652e-02 3.53255e-03 3.53255e-03 6.02887e-05 6.02887e-05 1.47520e-14 1.47520e-14 4.80262e-28 4.80262e-28 2.15890e-52 2.15890e-52 7.87888e-82 7.87888e-82 2.37994e-121 2.37994e-121
1.40000e+00 1.90127e-02 3.48189e-03 3.48189e-03 1.80376e-04 1.80376e-04 3.00236e-13 3.00236e-13 5.69175e-26 5.69175e-26 1.87246e-49 1.87246e-49 5.02934e-78 5.02934e-78 1.11831e-116 1.11831e-116
1.50000e+00 1.95992e-02 3.08705e-03 3.08705e-03 4.43302e-04 4.43302e-04 4.91905e-12 4.91905e-12 5.41178e-24 5.41178e-24 1.30105e-46 1.30105e-46 2.57178e-74 2.57178e-74 4.20947e-112 4.20947e-112
1.60000e+00 2.03890e-02 2.57618e-03 2.57618e-03 9.01644e-04 9.01644e-04 6.49662e-11 6.49662e-11 4.12970e-22 4.12970e-22 7.24244e-44 7.24244e-44 1.05351e-70 1.05351e-70 1.26931e-107 1.26931e-107
1.70000e+00 2.05290e-02 2.22146e-03 2.22146e-03 1.53385e-03 1.53385e-03 6.92826e-10 6.92826e-10 2.53031e-20 2.53031e-20 3.22996e-41 3.22996e-41 3.45717e-67 3.45717e-67 3.06607e-103 3.06607e-103
1.80000e+00 1.94096e-02 2.18932e-03 2.18932e-03 2.21633e-03 2.21633e-03 5.97919e-09 5.97919e-09 1.24551e-18 1.24551e-18 1.15409e-38 1.15409e-38 9.08840e-64 9.08840e-64 5.93296e-99 5.93296e-99
1.90000e+00 1.71097e-02 2.45030e-03 2.45030e-03 2.78148e-03 2.78148e-03 4.18750e-08 4.18750e-08 4.92860e-17 4.92860e-17 3.30394e-36 3.30394e-36 1.91400e-60 1.91400e-60 9.19679e-95 9.19679e-95
2.00000e+00 1.43591e-02 2.81912e-03 2.81912e-03 3.12490e-03 3.12490e-03 2.38836e-07 2.38836e-07 1.56913e-15 1.56913e-15 7.57864e-34 7.57864e-34 3.22913e-57 3.22913e-57 1.14203e-90 1.14203e-90
2.10000e+00 1.20865e-02 3.10041e-03 3.10041e-03 3.25578e-03 3.25578e-03 1.11435e-06 1.11435e-06 4.02329e-14 4.02329e-14 1.39297e-31 1.39297e-31 4.36442e-54 4.36442e-54 1.13605e-86 1.13605e-86
2.20000e+00 1.09633e-02 3.21399e-03 3.21399e-03 3.24916e-03 3.24916e-03 4.27726e-06 4.27726e-06 8.31769e-13 8.31769e-13 2.05172e-29 2.05172e-29 4.72574e-51 4.72574e-51 9.05318e-83 9.05318e-83
2.30000e+00 1.12236e-02 3.19005e-03 3.19005e-03 3.17788e-03 3.17788e-03 1.36022e-05 1.36022e-05 1.38846e-11 1.38846e-11 2.42190e-27 2.42190e-27 4.09943e-48 4.09943e-48 5.77945e-79 5.77945e-79
2.40000e+00 1.26847e-02 3.06482e-03 3.06482e-03 3.10461e-03 3.10461e-03 3.61631e-05 3.61631e-05 1.87457e-10 1.87457e-10 2.29143e-25 2.29143e-25 2.84903e-45 2.84903e-45 2.95569e-75 2.95569e-75
2.50000e+00 1.47993e-02 2.81322e-03 2.81322e-03 3.10625e-03 3.10625e-03 8.13202e-05 8.13202e-05 2.05098e-09 2.05098e-09 1.73793e-23 1.73793e-23 1.58637e-42 1.58637e-42 1.21094e-71 1.21094e-71
2.60000e+00 1.67805e-02 2.39686e-03 2.39686e-03 3.24955e-03 3.24955e-03 1.57036e-04 1.57036e-04 1.82269e-08 1.82269e-08 1.05686e-21 1.05686e-21 7.07715e-40 7.07715e-40 3.97449e-68 3.97449e-68
2.70000e+00 1.79264e-02 1.85723e-03 1.85723e-03 3.51557e-03 3.51557e-03 2.65495e-04 2.65495e-04 1.31923e-07 1.31923e-07 5.15425e-20 5.15425e-20 2.52977e-37 2.52977e-37 1.04506e-64 1.04506e-64
2.80000e+00 1.79907e-02 1.33093e-03 1.33093e-03 3.76876e-03 3.76876e-03 4.01966e-04 4.01966e-04 7.80115e-07 7.80115e-07 2.01655e-18 2.01655e-18 7.24591e-35 7.24591e-35 2.20148e-61 2.20148e-61
2.90000e+00 1.72421e-02 9.65817e-04 9.65817e-04 3.83828e-03 3.83828e-03 5.57429e-04 5.57429e-04 3.78303e-06 3.78303e-06 6.33181e-17 6.33181e-17 1.66313e-32 1.66313e-32 3.71541e-58 3.71541e-58
3.00000e+00 1.61322e-02 8.30083e-04 8.30083e-04 3.64961e-03 3.64961e-03 7.20742e-04 7.20742e-04 1.51116e-05 1.51116e-05 1.59643e-15 1.59643e-15 3.05929e-30 3.05929e-30 5.02379e-55 5.02379e-55
3.10000e+00 1.49123e-02 8.92997e-04 8.92997e-04 3.27932e-03 3.27932e-03 8.78263e-04 8.78263e-04 5.00004e-05 5.00004e-05 3.23432e-14 3.23432e-14 4.51043e-28 4.51043e-28 5.44257e-52 5.44257e-52
3.20000e+00 1.35465e-02 1.06737e-03 1.06737e-03 2.88348e-03 2.88348e-03 1.01433e-03 1.01433e-03 1.37994e-04 1.37994e-04 5.27039e-13 5.27039e-13 5.33063e-26 5.33063e-26 4.72436e-49 4.72436e-49
3.30000e+00 1.19172e-02 1.26022e-03 1.26022e-03 2.57067e-03 2.57067e-03 1.11335e-03 1.11335e-03 3.20529e-04 3.20529e-04 6.91671e-12 6.91671e-12 5.05096e-24 5.05096e-24 3.28603e-46 3.28603e-46
3.40000e+00 1.00537e-02 1.40135e-03 1.40135e-03 2.33714e-03 2.33714e-03 1.15940e-03 1.15940e-03 6.33766e-04 6.33766e-04 7.32418e-11 7.32418e-11 3.83791e-22 3.83791e-22 1.83156e-43 1.83156e-43
3.50000e+00 8.17053e-03 1.45385e-03 1.45385e-03 2.12304e-03 2.12304e-03 1.13607e-03 1.13607e-03 1.08143e-03 1.08143e-03 6.27478e-10 6.27478e-10 2.33911e-20 2.33911e-20 8.18137e-41 8.18137e-41
3.60000e+00 6.53572e-03 1.41927e-03 1.41927e-03 1.92999e-03 1.92999e-03 1.03519e-03 1.03519e-03 1.61626e-03 1.61626e-03 4.36723e-09 4.36723e-09 1.14389e-18 1.14389e-18 2.92909e-38 2.92909e-38
3.70000e+00 5.35999e-03 1.33367e-03 1.33367e-03 1.86928e-03 1.86928e-03 8.70233e-04 8.70233e-04 2.14410e-03 2.14410e-03 2.48549e-08 2.48549e-08 4.49016e-17 4.49016e-17 8.40612e-36 8.40612e-36
3.80000e+00 4.81712e-03 1.24066e-03 1.24066e-03 2.07870e-03 2.07870e-03 6.75861e-04 6.75861e-04 2.54646e-03 2.54646e-03 1.16900e-07 1.16900e-07 1.41547e-15 1.41547e-15 1.93413e-33 1.93413e-33
3.90000e+00 5.09106e-03 1.15259e-03 1.15259e-03 2.58615e-03 2.58615e-03 4.89391e-04 4.89391e-04 2.71476e-03 2.71476e-03 4.62218e-07 4.62218e-07 3.58560e-14 3.58560e-14 3.56849e-31 3.56849e-31
4.00000e+00 6.27917e-03 1.04113e-03 1.04113e-03 3.25723e-03 3.25723e-03 3.33325e-04 3.33325e-04 2.59542e-03 2.59542e-03 1.57650e-06 1.57650e-06 7.30420e-13 7.30420e-13 5.28077e-29 5.28077e-29
4.10000e+00 8.18460e-03 8.74899e-04 8.74899e-04 3.88244e-03 3.88244e-03 2.14609e-04 2.14609e-04 2.22842e-03 2.22842e-03 4.79133e-06 4.79133e-06 1.19766e-11 1.19766e-11 6.26976e-27 6.26976e-27
4.20000e+00 1.02521e-02 6.63215e-04 6.63215e-04 4.31701e-03 4.31701e-03 1.33479e-04 1.33479e-04 1.74106e-03 1.74106e-03 1.33460e-05 1.33460e-05 1.58248e-10 1.58248e-10 5.97443e-25 5.97443e-25
4.30000e+00 1.18201e-02 4.56534e-04 4.56534e-04 4.53705e-03 4.53705e-03 8.83076e-05 8.83076e-05 1.28846e-03 1.28846e-03 3.43304e-05 3.43304e-05 1.68730e-09 1.68730e-09 4.57109e-23 4.57109e-23
4.40000e+00 1.25166e-02 3.07901e-04 3.07901e-04 4.58438e-03 4.58438e-03 7.48076e-05 7.48076e-05 9.85554e-04 9.85554e-04 8.01387e-05 8.01387e-05 1.45425e-08 1.45425e-08 2.80956e-21 2.80956e-21
4.50000e+00 1.24346e-02 2.39831e-04 2.39831e-04 4.49553e-03 4.49553e-03 8.47877e-05 8.47877e-05 8.78596e-04 8.78596e-04 1.64859e-04 1.64859e-04 1.01531e-07 1.01531e-07 1.38807e-19 1.38807e-19
4.60000e+00 1.19322e-02 2.40983e-04 2.40983e-04 4.28955e-03 4.28955e-03 1.06907e-04 1.06907e-04 9.55939e-04 9.55939e-04 2.91399e-04 2.91399e-04 5.75738e-07 5.75738e-07 5.51622e-18 5.51622e-18
4.70000e+00 1.12782e-02 2.80574e-04 2.80574e-04 3.99474e-03 3.99474e-03 1.30423e-04 1.30423e-04 1.16635e-03 1.16635e-03 4.36262e-04 4.36262e-04 2.66058e-06 2.66058e-06 1.76470e-16 1.76470e-16
4.80000e+00 1.04800e-02 3.23137e-04 3.23137e-04 3.66468e-03 3.66468e-03 1.51930e-04 1.51930e-04 1.42843e-03 1.42843e-03 5.51828e-04 5.51828e-04 1.00645e-05 1.00645e-05 4.54869e-15 4.54869e-15
4.90000e+00 9.40087e-03 3.40575e-04 3.40575e-04 3.35809e-03 3.35809e-03 1.78878e-04 1.78878e-04 1.64275e-03 1.64275e-03 5.95529e-04 5.95529e-04 3.13600e-05 3.13600e-05 9.45602e-14 9.45602e-14
5.00000e+00 7.98100e-03 3.21858e-04 3.21858e-04 3.09388e-03 3.09388e-03 2.21316e-04 2.21316e-04 1.72244e-03 1.72244e-03 5.62367e-04 5.62367e-04 8.12272e-05 8.12272e-05 1.58702e-12 1.58702e-12
5.10000e+00 6.33564e-03 2.75141e-04 2.75141e-04 2.83349e-03 2.83349e-03 2.75830e-04 2.75830e-04 1.63475e-03 1.63475e-03 4.86986e-04 4.86986e-04 1.77338e-04 1.77338e-04 2.15260e-11 2.15260e-11
5.20000e+00 4.69185e-03 2.20277e-04 2.20277e-04 2.53384e-03 2.53384e-03 3.20101e-04 3.20101e-04 1.42421e-03 1.42421e-03 4.14585e-04 4.14585e-04 3.33162e-04 3.33162e-04 2.36204e-10 2.36204e-10
5.30000e+00 3.27797e-03 1.79027e-04 1.79027e-04 2.23107e-03 2.23107e-03 3.29667e-04 3.29667e-04 1.19533e-03 1.19533e-03 3.71111e-04 3.71111e-04 5.53645e-04 5.53645e-04 2.09869e-09 2.09869e-09
5.40000e+00 2.24753e-03 1.70825e-04 1.70825e-04 2.05873e-03 2.05873e-03 3.03413e-04 3.03413e-04 1.06400e-03 1.06400e-03 3.55457e-04 3.55457e-04 8.37552e-04 8.37552e-04 1.51103e-08 1.51103e-08
5.50000e+00 1.64073e-03 2.12816e-04 2.12816e-04 2.15862e-03 2.15862e-03 2.71480e-04 2.71480e-04 1.10647e-03 1.10647e-03 3.52311e-04 3.52311e-04 1.17414e-03 1.17414e-03 8.82030e-08 8.82030e-08
5.60000e+00 1.38305e-03 3.15679e-04 3.15679e-04 2.54923e-03 2.54923e-03 2.75242e-04 2.75242e-04 1.32726e-03 1.32726e-03 3.51425e-04 3.51425e-04 1.52290e-03 1.52290e-03 4.17530e-07 4.17530e-07
5.70000e+00 1.33614e-03 4.70705e-04 4.70705e-04 3.06735e-03 3.06735e-03 3.34875e-04 3.34875e-04 1.65095e-03 1.65095e-03 3.56333e-04 3.56333e-04 1.80197e-03 1.80197e-03 1.60275e-06 1.60275e-06
5.80000e+00 1.37924e-03 6.38137e-04 6.38137e-04 3.44882e-03 3.44882e-03 4.30290e-04 4.30290e-04 1.94223e-03 1.94223e-03 3.73991e-04 3.73991e-04 1.92617e-03 1.92617e-03 4.98731e-06 4.98731e-06
5.90000e+00 1.45483e-03 7.55599e-04 7.55599e-04 3.49617e-03 3.49617e-03 5.11150e-04 5.11150e-04 2.06289e-03 2.06289e-03 3.97725e-04 3.97725e-04 1.87370e-03 1.87370e-03 1.25727e-05 1.25727e-05
6.00000e+00 1.53948e-03 7.70601e-04 7.70601e-04 3.19202e-03 3.19202e-03 5.29865e-04 5.29865e-04 1.94599e-03 1.94599e-03 4.05916e-04 4.05916e-04 1.70002e-03 1.70002e-03 2.56570e-05 2.56570e-05
6.10000e+00 1.58568e-03 6.73822e-04 6.73822e-04 2.66436e-03 2.66436e-03 4.72139e-04 4.72139e-04 1.62943e-03 1.62943e-03 3.79582e-04 3.79582e-04 1.47514e-03 1.47514e-03 4.23429e-05 4.23429e-05
6.20000e+00 1.51599e-03 5.04199e-04 5.04199e-04 2.06232e-03 2.06232e-03 3.61528e-04 3.61528e-04 1.21767e-03 1.21767e-03 3.17962e-04 3.17962e-04 1.22482e-03 1.22482e-03 5.64558e-05 5.64558e-05
6.30000e+00 1.28486e-03 3.22258e-04 3.22258e-04 1.47827e-03 1.47827e-03 2.38643e-04 2.38643e-04 8.14408e-04 8.14408e-04 2.36637e-04 2.36637e-04 9.44342e-04 9.44342e-04 6.07488e-05 6.07488e-05
