# $1: 1/T
# $2: mean of f(x)
# $3: standard error of f(x)
# $4: number of replicas
# $5: log(Z/Z0)
# $6: acceptance ratio
0.0 0.06428002079611472 0.002703413400677839 40 0.0 0.795
10.0 0.061399304916174735 0.002649424392996749 40 -0.6280819199879947 0.85
20.0 0.05904248889111052 0.0031622711212952034 40 -1.2283060742855603 0.74
30.0 0.04956921148431115 0.0028298565759159633 40 -1.7991035905899855 0.67
40.0 0.04517205560690085 0.0029715891343378223 40 -2.279365931310788 0.67
50.0 0.04557370230303248 0.0026633080724208866 40 -2.7142533218353453 0.585
60.0 0.041932237363140556 0.002453792235951409 40 -3.1562660686094235 0.61
70.0 0.036561397549081054 0.002360886357092571 40 -3.563935182615389 0.56
80.0 0.0354471794531146 0.0021594999209347448 40 -3.919031991034559 0.55
90.0 0.035625160750873075 0.0023402008301487845 40 -4.2649456104088985 0.54
100.0 0.031974650903218826 0.002263656338496993 40 -4.610739486030327 0.4
110.0 0.03072488741718593 0.001937596831145192 40 -4.920594343649788 0.38
120.0 0.02653921254529723 0.0012569982649684298 40 -5.2208371349374705 0.365
130.0 0.025550224772571406 0.00156295375190001 40 -5.483153160257912 0.295
140.0 0.022297583893218786 0.0011371346999073423 40 -5.733906325651593 0.275
150.0 0.02223060479851291 0.0012554744791681684 40 -5.9543397215944545 0.24
160.0 0.02188715236861538 0.0016809841135400384 40 -6.173590843080755 0.24
170.0 0.019508020368030232 0.0011503310662937148 40 -6.3871928865441046 0.185
180.0 0.01941921830840254 0.0012869307080817182 40 -6.579748538256737 0.155
190.0 0.01849213811053796 0.0010989271301243683 40 -6.77083850390733 0.145
200.0 0.0179843015984561 0.0010143734053731663 40 -6.95342733400051 0.19
