-0.200000 -0.200000 0.225705
-0.200000 -0.180000 0.214978
-0.200000 -0.160000 0.208975
-0.200000 -0.140000 0.205867
-0.200000 -0.120000 0.206768
-0.200000 -0.100000 0.212166
-0.200000 -0.080000 0.220515
-0.200000 -0.060000 0.226590
-0.200000 -0.040000 0.228623
-0.200000 -0.020000 0.227939
-0.200000 0.000000 0.225835
-0.200000 0.020000 0.226825
-0.200000 0.040000 0.229083
-0.200000 0.060000 0.230567
-0.200000 0.080000 0.233067
-0.200000 0.100000 0.235334
-0.200000 0.120000 0.236920
-0.200000 0.140000 0.238582
-0.200000 0.160000 0.237422
-0.200000 0.180000 0.235506
-0.200000 0.200000 0.231947
-0.180000 -0.200000 0.182038
-0.180000 -0.180000 0.179187
-0.180000 -0.160000 0.186054
-0.180000 -0.140000 0.193727
-0.180000 -0.120000 0.198359
-0.180000 -0.100000 0.198534
-0.180000 -0.080000 0.199244
-0.180000 -0.060000 0.202483
-0.180000 -0.040000 0.203987
-0.180000 -0.020000 0.200942
-0.180000 0.000000 0.195834
-0.180000 0.020000 0.197014
-0.180000 0.040000 0.201671
-0.180000 0.060000 0.206414
-0.180000 0.080000 0.211721
-0.180000 0.100000 0.216155
-0.180000 0.120000 0.218834
-0.180000 0.140000 0.220164
-0.180000 0.160000 0.218139
-0.180000 0.180000 0.210873
-0.180000 0.200000 0.204249
-0.160000 -0.200000 0.204780
-0.160000 -0.180000 0.202995
-0.160000 -0.160000 0.206103
-0.160000 -0.140000 0.210804
-0.160000 -0.120000 0.217632
-0.160000 -0.100000 0.223534
-0.160000 -0.080000 0.224305
-0.160000 -0.060000 0.220110
-0.160000 -0.040000 0.213877
-0.160000 -0.020000 0.211028
-0.160000 0.000000 0.211839
-0.160000 0.020000 0.217025
-0.160000 0.040000 0.225248
-0.160000 0.060000 0.233616
-0.160000 0.080000 0.240293
-0.160000 0.100000 0.245469
-0.160000 0.120000 0.248232
-0.160000 0.140000 0.246700
-0.160000 0.160000 0.243378
-0.160000 0.180000 0.238449
-0.160000 0.200000 0.234312
-0.140000 -0.200000 0.249812
-0.140000 -0.180000 0.243337
-0.140000 -0.160000 0.245411
-0.140000 -0.140000 0.250277
-0.140000 -0.120000 0.253934
-0.140000 -0.100000 0.254405
-0.140000 -0.080000 0.252927
-0.140000 -0.060000 0.250985
-0.140000 -0.040000 0.246804
-0.140000 -0.020000 0.242542
-0.140000 0.000000 0.240753
-0.140000 0.020000 0.243147
-0.140000 0.040000 0.250064
-0.140000 0.060000 0.259377
-0.140000 0.080000 0.268807
-0.140000 0.100000 0.276313
-0.140000 0.120000 0.280525
-0.140000 0.140000 0.282454
-0.140000 0.160000 0.282161
-0.140000 0.180000 0.278931
-0.140000 0.200000 0.276294
-0.120000 -0.200000 0.280957
-0.120000 -0.180000 0.269749
-0.120000 -0.160000 0.268670
-0.120000 -0.140000 0.274373
-0.120000 -0.120000 0.280717
-0.120000 -0.100000 0.284719
-0.120000 -0.080000 0.283637
-0.120000 -0.060000 0.278349
-0.120000 -0.040000 0.271420
-0.120000 -0.020000 0.264488
-0.120000 0.000000 0.258758
-0.120000 0.020000 0.257400
-0.120000 0.040000 0.260877
-0.120000 0.060000 0.267988
-0.120000 0.080000 0.276905
-0.120000 0.100000 0.286505
-0.120000 0.120000 0.294538
-0.120000 0.140000 0.299380
-0.120000 0.160000 0.300329
-0.120000 0.180000 0.298676
-0.120000 0.200000 0.298349
-0.100000 -0.200000 0.284063
-0.100000 -0.180000 0.266369
-0.100000 -0.160000 0.262852
-0.100000 -0.140000 0.270753
-0.100000 -0.120000 0.283411
-0.100000 -0.100000 0.293855
-0.100000 -0.080000 0.299049
-0.100000 -0.060000 0.297209
-0.100000 -0.040000 0.288463
-0.100000 -0.020000 0.275955
-0.100000 0.000000 0.264922
-0.100000 0.020000 0.257221
-0.100000 0.040000 0.255246
-0.100000 0.060000 0.258092
-0.100000 0.080000 0.264308
-0.100000 0.100000 0.271992
-0.100000 0.120000 0.279263
-0.100000 0.140000 0.284952
-0.100000 0.160000 0.288756
-0.100000 0.180000 0.290314
-0.100000 0.200000 0.292034
-0.080000 -0.200000 0.262568
-0.080000 -0.180000 0.237003
-0.080000 -0.160000 0.225902
-0.080000 -0.140000 0.229890
-0.080000 -0.120000 0.244123
-0.080000 -0.100000 0.262318
-0.080000 -0.080000 0.278903
-0.080000 -0.060000 0.288967
-0.080000 -0.040000 0.287931
-0.080000 -0.020000 0.276917
-0.080000 0.000000 0.258887
-0.080000 0.020000 0.241786
-0.080000 0.040000 0.229870
-0.080000 0.060000 0.223233
-0.080000 0.080000 0.222149
-0.080000 0.100000 0.226041
-0.080000 0.120000 0.232384
-0.080000 0.140000 0.239738
-0.080000 0.160000 0.246845
-0.080000 0.180000 0.253609
-0.080000 0.200000 0.258255
-0.060000 -0.200000 0.225300
-0.060000 -0.180000 0.192552
-0.060000 -0.160000 0.171877
-0.060000 -0.140000 0.167825
-0.060000 -0.120000 0.177750
-0.060000 -0.100000 0.195866
-0.060000 -0.080000 0.216211
-0.060000 -0.060000 0.233791
-0.060000 -0.040000 0.244590
-0.060000 -0.020000 0.245003
-0.060000 0.000000 0.232680
-0.060000 0.020000 0.209739
-0.060000 0.040000 0.182456
-0.060000 0.060000 0.164839
-0.060000 0.080000 0.156237
-0.060000 0.100000 0.154964
-0.060000 0.120000 0.160744
-0.060000 0.140000 0.171431
-0.060000 0.160000 0.183671
-0.060000 0.180000 0.194821
-0.060000 0.200000 0.203312
-0.040000 -0.200000 0.182587
-0.040000 -0.180000 0.151587
-0.040000 -0.160000 0.130215
-0.040000 -0.140000 0.111248
-0.040000 -0.120000 0.104645
-0.040000 -0.100000 0.115557
-0.040000 -0.080000 0.131768
-0.040000 -0.060000 0.150495
-0.040000 -0.040000 0.165957
-0.040000 -0.020000 0.174228
-0.040000 0.000000 0.171950
-0.040000 0.020000 0.159170
-0.040000 0.040000 0.139673
-0.040000 0.060000 0.112675
-0.040000 0.080000 0.082007
-0.040000 0.100000 0.073287
-0.040000 0.120000 0.077679
-0.040000 0.140000 0.090224
-0.040000 0.160000 0.106630
-0.040000 0.180000 0.124942
-0.040000 0.200000 0.140539
-0.020000 -0.200000 0.151384
-0.020000 -0.180000 0.144335
-0.020000 -0.160000 0.165137
-0.020000 -0.140000 0.176629
-0.020000 -0.120000 0.163708
-0.020000 -0.100000 0.128560
-0.020000 -0.080000 0.083448
-0.020000 -0.060000 0.071862
-0.020000 -0.040000 0.076226
-0.020000 -0.020000 0.083581
-0.020000 0.000000 0.087505
-0.020000 0.020000 0.087348
-0.020000 0.040000 0.084493
-0.020000 0.060000 0.079752
-0.020000 0.080000 0.070447
-0.020000 0.100000 0.056401
-0.020000 0.120000 0.054959
-0.020000 0.140000 0.066375
-0.020000 0.160000 0.084625
-0.020000 0.180000 0.102121
-0.020000 0.200000 0.114847
0.000000 -0.200000 0.171402
0.000000 -0.180000 0.189603
0.000000 -0.160000 0.208947
0.000000 -0.140000 0.226213
0.000000 -0.120000 0.236720
0.000000 -0.100000 0.231438
0.000000 -0.080000 0.195599
0.000000 -0.060000 0.147752
0.000000 -0.040000 0.100448
0.000000 -0.020000 0.058369
0.000000 0.000000 0.025287
0.000000 0.020000 0.004761
0.000000 0.040000 0.014866
0.000000 0.060000 0.039572
0.000000 0.080000 0.072106
0.000000 0.100000 0.111196
0.000000 0.120000 0.149206
0.000000 0.140000 0.167872
0.000000 0.160000 0.170753
0.000000 0.180000 0.165796
0.000000 0.200000 0.158494
0.020000 -0.200000 0.219889
0.020000 -0.180000 0.235430
0.020000 -0.160000 0.247361
0.020000 -0.140000 0.252423
0.020000 -0.120000 0.250842
0.020000 -0.100000 0.246555
0.020000 -0.080000 0.240740
0.020000 -0.060000 0.227473
0.020000 -0.040000 0.195318
0.020000 -0.020000 0.151465
0.020000 0.000000 0.115124
0.020000 0.020000 0.094301
0.020000 0.040000 0.086791
0.020000 0.060000 0.090799
0.020000 0.080000 0.105275
0.020000 0.100000 0.125077
0.020000 0.120000 0.162912
0.020000 0.140000 0.202039
0.020000 0.160000 0.234153
0.020000 0.180000 0.248676
0.020000 0.200000 0.244408
0.040000 -0.200000 0.254747
0.040000 -0.180000 0.270655
0.040000 -0.160000 0.282916
0.040000 -0.140000 0.284537
0.040000 -0.120000 0.275432
0.040000 -0.100000 0.257313
0.040000 -0.080000 0.233386
0.040000 -0.060000 0.214453
0.040000 -0.040000 0.207464
0.040000 -0.020000 0.197309
0.040000 0.000000 0.184317
0.040000 0.020000 0.171796
0.040000 0.040000 0.164438
0.040000 0.060000 0.163785
0.040000 0.080000 0.169108
0.040000 0.100000 0.179010
0.040000 0.120000 0.190367
0.040000 0.140000 0.198370
0.040000 0.160000 0.207285
0.040000 0.180000 0.231693
0.040000 0.200000 0.250915
0.060000 -0.200000 0.256855
0.060000 -0.180000 0.276710
0.060000 -0.160000 0.293412
0.060000 -0.140000 0.302516
0.060000 -0.120000 0.301984
0.060000 -0.100000 0.290723
0.060000 -0.080000 0.269811
0.060000 -0.060000 0.242348
0.060000 -0.040000 0.213899
0.060000 -0.020000 0.197506
0.060000 0.000000 0.194649
0.060000 0.020000 0.196919
0.060000 0.040000 0.201484
0.060000 0.060000 0.207841
0.060000 0.080000 0.215193
0.060000 0.100000 0.222306
0.060000 0.120000 0.228491
0.060000 0.140000 0.232925
0.060000 0.160000 0.234814
0.060000 0.180000 0.234990
0.060000 0.200000 0.236110
0.080000 -0.200000 0.239283
0.080000 -0.180000 0.266236
0.080000 -0.160000 0.291979
0.080000 -0.140000 0.311736
0.080000 -0.120000 0.322596
0.080000 -0.100000 0.321746
0.080000 -0.080000 0.310274
0.080000 -0.060000 0.288831
0.080000 -0.040000 0.260154
0.080000 -0.020000 0.230122
0.080000 0.000000 0.208099
0.080000 0.020000 0.203377
0.080000 0.040000 0.211029
0.080000 0.060000 0.223133
0.080000 0.080000 0.235873
0.080000 0.100000 0.246929
0.080000 0.120000 0.255469
0.080000 0.140000 0.260256
0.080000 0.160000 0.262551
0.080000 0.180000 0.262930
0.080000 0.200000 0.263538
0.100000 -0.200000 0.224032
0.100000 -0.180000 0.251813
0.100000 -0.160000 0.283150
0.100000 -0.140000 0.311447
0.100000 -0.120000 0.331887
0.100000 -0.100000 0.342609
0.100000 -0.080000 0.341107
0.100000 -0.060000 0.328309
0.100000 -0.040000 0.306186
0.100000 -0.020000 0.277596
0.100000 0.000000 0.248784
0.100000 0.020000 0.227634
0.100000 0.040000 0.220348
0.100000 0.060000 0.227936
0.100000 0.080000 0.242469
0.100000 0.100000 0.258341
0.100000 0.120000 0.270793
0.100000 0.140000 0.279508
0.100000 0.160000 0.282801
0.100000 0.180000 0.283595
0.100000 0.200000 0.283243
0.120000 -0.200000 0.214329
0.120000 -0.180000 0.235960
0.120000 -0.160000 0.267241
0.120000 -0.140000 0.300364
0.120000 -0.120000 0.328925
0.120000 -0.100000 0.348828
0.120000 -0.080000 0.357524
0.120000 -0.060000 0.356614
0.120000 -0.040000 0.343680
0.120000 -0.020000 0.320760
0.120000 0.000000 0.292483
0.120000 0.020000 0.265802
0.120000 0.040000 0.247185
0.120000 0.060000 0.239374
0.120000 0.080000 0.244584
0.120000 0.100000 0.258869
0.120000 0.120000 0.274080
0.120000 0.140000 0.286864
0.120000 0.160000 0.293643
0.120000 0.180000 0.296538
0.120000 0.200000 0.295224
0.140000 -0.200000 0.208937
0.140000 -0.180000 0.219329
0.140000 -0.160000 0.244230
0.140000 -0.140000 0.277994
0.140000 -0.120000 0.313460
0.140000 -0.100000 0.343620
0.140000 -0.080000 0.363394
0.140000 -0.060000 0.371371
0.140000 -0.040000 0.368014
0.140000 -0.020000 0.352790
0.140000 0.000000 0.328529
0.140000 0.020000 0.300610
0.140000 0.040000 0.276293
0.140000 0.060000 0.261040
0.140000 0.080000 0.256352
0.140000 0.100000 0.260043
0.140000 0.120000 0.270921
0.140000 0.140000 0.282609
0.140000 0.160000 0.292651
0.140000 0.180000 0.298683
0.140000 0.200000 0.299351
0.160000 -0.200000 0.208930
0.160000 -0.180000 0.209474
0.160000 -0.160000 0.225692
0.160000 -0.140000 0.252326
0.160000 -0.120000 0.287786
0.160000 -0.100000 0.323612
0.160000 -0.080000 0.351790
0.160000 -0.060000 0.368862
0.160000 -0.040000 0.373324
0.160000 -0.020000 0.366647
0.160000 0.000000 0.349063
0.160000 0.020000 0.325489
0.160000 0.040000 0.302697
0.160000 0.060000 0.279890
0.160000 0.080000 0.266263
0.160000 0.100000 0.263140
0.160000 0.120000 0.267236
0.160000 0.140000 0.275563
0.160000 0.160000 0.286028
0.160000 0.180000 0.293808
0.160000 0.200000 0.296959
0.180000 -0.200000 0.209738
0.180000 -0.180000 0.204589
0.180000 -0.160000 0.216623
0.180000 -0.140000 0.237377
0.180000 -0.120000 0.262045
0.180000 -0.100000 0.291504
0.180000 -0.080000 0.322174
0.180000 -0.060000 0.347220
0.180000 -0.040000 0.362163
0.180000 -0.020000 0.365730
0.180000 0.000000 0.358602
0.180000 0.020000 0.345226
0.180000 0.040000 0.330405
0.180000 0.060000 0.313120
0.180000 0.080000 0.290451
0.180000 0.100000 0.270103
0.180000 0.120000 0.263280
0.180000 0.140000 0.266297
0.180000 0.160000 0.272171
0.180000 0.180000 0.278595
0.180000 0.200000 0.283868
0.200000 -0.200000 0.210386
0.200000 -0.180000 0.199916
0.200000 -0.160000 0.209473
0.200000 -0.140000 0.230364
0.200000 -0.120000 0.254769
0.200000 -0.100000 0.279778
0.200000 -0.080000 0.303115
0.200000 -0.060000 0.325309
0.200000 -0.040000 0.344418
0.200000 -0.020000 0.356004
0.200000 0.000000 0.358282
0.200000 0.020000 0.351850
0.200000 0.040000 0.341056
0.200000 0.060000 0.331006
0.200000 0.080000 0.321410
0.200000 0.100000 0.305513
0.200000 0.120000 0.281952
0.200000 0.140000 0.266550
0.200000 0.160000 0.263071
0.200000 0.180000 0.265807
0.200000 0.200000 0.270385
