1 6.000000 6.000000 
2 6.000000 5.750000 
3 6.000000 5.500000 
4 6.000000 5.250000 
5 6.000000 5.000000 
6 6.000000 4.750000 
7 6.000000 4.500000 
8 6.000000 4.250000 
9 6.000000 4.000000 
10 6.000000 3.750000 
11 6.000000 3.500000 
12 5.750000 5.750000 
13 5.750000 5.500000 
14 5.750000 5.250000 
15 5.750000 5.000000 
16 5.750000 4.750000 
17 5.750000 4.500000 
18 5.750000 4.250000 
19 5.750000 4.000000 
20 5.750000 3.750000 
21 5.750000 3.500000  
22 5.500000 5.500000 
23 5.500000 5.250000 
24 5.500000 5.000000 
25 5.500000 4.750000 
26 5.500000 4.500000 
27 5.500000 4.250000 
28 5.500000 4.000000 
29 5.500000 3.750000 
30 5.500000 3.500000  
31 5.250000 5.250000 
32 5.250000 5.000000 
33 5.250000 4.750000 
34 5.250000 4.500000 
35 5.250000 4.250000 
36 5.250000 4.000000 
37 5.250000 3.750000 
38 5.250000 3.500000  
39 5.000000 5.000000 
40 5.000000 4.750000 
41 5.000000 4.500000 
42 5.000000 4.250000 
43 5.000000 4.000000 
44 5.000000 3.750000 
45 5.000000 3.500000 
46 4.750000 4.750000 
47 4.750000 4.500000 
48 4.750000 4.250000 
49 4.750000 4.000000 
50 4.750000 3.750000 
51 4.750000 3.500000  
52 4.500000 4.500000 
53 4.500000 4.250000 
54 4.500000 4.000000 
55 4.500000 3.750000 
56 4.500000 3.500000 
57 4.250000 4.250000 
58 4.250000 4.000000 
59 4.250000 3.750000 
60 4.250000 3.500000  
61 4.000000 4.000000 
62 4.000000 3.750000 
63 4.000000 3.500000  
64 3.750000 3.750000 
65 3.750000 3.500000 
66 3.500000 3.500000  
